1.444908180300501 
1.435392320534224 
1.435392320534224 
1.413188647746244 
1.413188647746244 
1.476627712854758 
1.476627712854758 
1.482971619365610 
1.502003338898164 
1.502003338898164 
1.521035058430718 
1.521035058430718 
1.559098497495826 
1.486143572621035 
1.559098497495826 
1.559098497495826 
1.559098497495826 
1.622537562604341 
1.622537562604341 
1.609849749582638 
1.609849749582638 
1.644741235392321 
1.657429048414023 
1.647913188647746 
1.685976627712855 
1.685976627712855 
1.689148580968280 
1.666944908180300 
1.666944908180300 
1.717696160267112 
1.739899833055092 
1.739899833055092 
1.739899833055092 
1.743071786310517 
1.736727879799666 
1.771619365609349 
1.768447412353923 
1.758931552587646 
1.790651085141903 
1.793823038397329 
1.793823038397329 
1.793823038397329 
1.809682804674457 
1.803338898163606 
1.803338898163606 
1.803338898163606 
1.841402337228714 
1.860434056761269 
1.863606010016694 
1.850918196994992 
