-1.418444154187167 
-1.332347443185647 
-1.328778971497017 
-1.325212011109967 
-1.325212011109967 
-1.321646562024499 
-1.325212011109967 
-1.327589816778935 
-1.326400829983252 
-1.326400829983252 
-1.321646562024499 
-1.320458414840806 
-1.327589816778935 
-1.318082624240613 
-1.337107756350726 
-1.318082624240613 
-1.329968294137495 
-1.343061926061027 
-1.329968294137495 
-1.302656357773154 
-1.338298254447989 
-1.309772646695471 
-1.331157784700373 
-1.328778971497017 
-1.318082624240613 
-1.333537269593319 
-1.341870756274170 
-1.343061926061027 
-1.339488920467653 
-1.341870756274170 
-1.326400829983252 
-1.327589816778935 
-1.335917426175858 
-1.354982859661472 
-1.329968294137495 
-1.325212011109967 
-1.353790010650638 
-1.331157784700373 
-1.318082624240613 
-1.334727263923391 
-1.328778971497017 
-1.319270435579510 
-1.335917426175858 
-1.341870756274170 
-1.321646562024499 
-1.331157784700373 
-1.331157784700373 
-1.340679754409712 
-1.331157784700373 
-1.329968294137495 
-1.328778971497017 
-1.329968294137495 
-1.344253263770280 
-1.335917426175858 
-1.343061926061027 
-1.334727263923391 
-1.331157784700373 
-1.333537269593319 
-1.329968294137495 
-1.335917426175858 
-1.333537269593319 
-1.328778971497017 
-1.322834877130590 
-1.331157784700373 
-1.325212011109967 
-1.335917426175858 
-1.343061926061027 
-1.328778971497017 
-1.341870756274170 
-1.325212011109967 
-1.326400829983252 
-1.328778971497017 
-1.321646562024499 
-1.329968294137495 
-1.337107756350726 
-1.341870756274170 
-1.327589816778935 
-1.329968294137495 
-1.324023360159080 
-1.321646562024499 
-1.325212011109967 
-1.333537269593319 
-1.321646562024499 
-1.331157784700373 
-1.341870756274170 
-1.343061926061027 
-1.332347443185647 
-1.339488920467653 
-1.334727263923391 
-1.318082624240613 
-1.335917426175858 
-1.343061926061027 
-1.326400829983252 
-1.337107756350726 
-1.333537269593319 
-1.328778971497017 
-1.339488920467653 
-1.333537269593319 
-1.333537269593319 
-1.341870756274170 
