376.000000000000000 705.000000000000000 1.000000000000000 
374.000000000000000 304.000000000000000 0.000000000000000 
354.000000000000000 272.000000000000000 0.000000000000000 
344.000000000000000 352.000000000000000 0.000000000000000 
310.000000000000000 352.000000000000000 0.000000000000000 
272.000000000000000 352.000000000000000 0.000000000000000 
238.000000000000000 336.000000000000000 0.000000000000000 
240.000000000000000 641.000000000000000 1.000000000000000 
238.000000000000000 352.000000000000000 0.000000000000000 
208.000000000000000 352.000000000000000 0.000000000000000 
184.000000000000000 384.000000000000000 0.000000000000000 
221.000000000000000 657.000000000000000 1.000000000000000 
221.000000000000000 785.000000000000000 1.000000000000000 
209.000000000000000 400.000000000000000 0.000000000000000 
197.000000000000000 400.000000000000000 0.000000000000000 
174.000000000000000 657.000000000000000 1.000000000000000 
174.000000000000000 705.000000000000000 1.000000000000000 
284.000000000000000 272.000000000000000 0.000000000000000 
273.000000000000000 352.000000000000000 0.000000000000000 
239.000000000000000 336.000000000000000 0.000000000000000 
241.000000000000000 657.000000000000000 1.000000000000000 
179.000000000000000 658.000000000000000 1.000000000000000 
213.000000000000000 802.000000000000000 1.000000000000000 
213.000000000000000 1074.000000000000000 0.000000000000000 
189.000000000000000 225.000000000000000 0.000000000000000 
188.000000000000000 209.000000000000000 0.000000000000000 
195.000000000000000 721.000000000000000 1.000000000000000 
189.000000000000000 130.000000000000000 0.000000000000000 
189.000000000000000 386.000000000000000 0.000000000000000 
203.000000000000000 226.000000000000000 0.000000000000000 
203.000000000000000 18.000000000000000 0.000000000000000 
220.000000000000000 208.000000000000000 0.000000000000000 
231.000000000000000 129.000000000000000 0.000000000000000 
230.000000000000000 113.000000000000000 0.000000000000000 
229.000000000000000 625.000000000000000 0.000000000000000 
281.000000000000000 112.000000000000000 0.000000000000000 
290.000000000000000 208.000000000000000 0.000000000000000 
286.000000000000000 208.000000000000000 0.000000000000000 
353.000000000000000 80.000000000000000 0.000000000000000 
360.000000000000000 208.000000000000000 0.000000000000000 
366.000000000000000 833.000000000000000 1.000000000000000 
