477.000000000000000 641.000000000000000 0.000000100000000 0.000000000000000 
477.000000000000000 1009.000000000000000 0.000000100000000 0.000000000000000 
446.000000000000000 865.000000000000000 0.000000100000000 0.000000000000000 
376.000000000000000 1025.000000000000000 0.000000100000000 0.000000000000000 
310.000000000000000 865.000000000000000 0.000000100000000 0.000000000000000 
240.000000000000000 1009.000000000000000 0.000000100000000 0.000000000000000 
240.000000000000000 994.000000000000000 0.000000100000000 0.000000000000000 
240.000000000000000 995.000000000000000 0.000000100000000 0.000000000000000 
240.000000000000000 964.000000000000000 0.000000100000000 0.000000000000000 
174.000000000000000 692.000000000000000 0.000000100000000 0.000000000000000 
175.000000000000000 661.000000000000000 0.000000100000000 0.000000000000000 
175.000000000000000 869.000000000000000 0.000000100000000 0.000000000000000 
105.000000000000000 1029.000000000000000 0.000000100000000 0.000000000000000 
39.000000000000000 789.000000000000000 0.000000100000000 0.000000000000000 
39.000000000000000 1109.000000000000000 0.000000100000000 0.000000000000000 
38.000000000000000 1096.000000000000000 0.000000100000000 0.000000000000000 
38.000000000000000 839.000000000000000 0.000000100000000 0.000000000000000 
38.000000000000000 838.000000000000000 0.000000100000000 0.000000000000000 
38.000000000000000 837.000000000000000 0.000000100000000 0.000000000000000 
38.000000000000000 836.000000000000000 0.000000100000000 0.000000000000000 
38.000000000000000 835.000000000000000 0.000000100000000 0.000000000000000 
38.000000000000000 850.000000000000000 0.000000100000000 0.000000000000000 
104.000000000000000 1026.000000000000000 0.000000100000000 0.000000000000000 
174.000000000000000 866.000000000000000 0.000000100000000 0.000000000000000 
240.000000000000000 1026.000000000000000 0.000000100000000 0.000000000000000 
310.000000000000000 866.000000000000000 0.000000100000000 0.000000000000000 
376.000000000000000 1026.000000000000000 0.000000100000000 0.000000000000000 
446.000000000000000 866.000000000000000 0.000000100000000 0.000000000000000 
477.000000000000000 1010.000000000000000 0.000000100000000 0.000000000000000 
477.000000000000000 642.000000000000000 0.000000100000000 0.000000000000000 
199.000000000000000 213.000000000000000 0.000000100000000 0.000000000000000 
195.000000000000000 613.000000000000000 0.000000100000000 0.000000000000000 
202.000000000000000 997.000000000000000 0.000010000000000 2.000000000000000 
198.000000000000000 277.000000000000000 0.000000100000000 0.000000000000000 
484.000000000000000 545.000000000000000 0.000000100000000 0.000000000000000 
484.000000000000000 417.000000000000000 0.000000100000000 0.000000000000000 
483.000000000000000 401.000000000000000 0.000000100000000 0.000000000000000 
484.000000000000000 546.000000000000000 0.000000100000000 0.000000000000000 
484.000000000000000 418.000000000000000 0.000000100000000 0.000000000000000 
483.000000000000000 402.000000000000000 0.000000100000000 0.000000000000000 
