446.000000000000000 659.000000000000000 1.000000000000000 
446.000000000000000 787.000000000000000 1.000000000000000 
446.000000000000000 834.000000000000000 1.000000000000000 
446.000000000000000 946.000000000000000 0.000000000000000 
446.000000000000000 849.000000000000000 1.000000000000000 
477.000000000000000 1009.000000000000000 0.000000000000000 
480.000000000000000 305.000000000000000 0.000000000000000 
446.000000000000000 817.000000000000000 1.000000000000000 
410.000000000000000 1025.000000000000000 0.000000000000000 
376.000000000000000 945.000000000000000 0.000000000000000 
374.000000000000000 304.000000000000000 0.000000000000000 
354.000000000000000 384.000000000000000 0.000000000000000 
286.000000000000000 288.000000000000000 0.000000000000000 
313.000000000000000 352.000000000000000 0.000000000000000 
347.000000000000000 352.000000000000000 0.000000000000000 
377.000000000000000 352.000000000000000 0.000000000000000 
411.000000000000000 352.000000000000000 0.000000000000000 
449.000000000000000 352.000000000000000 0.000000000000000 
459.000000000000000 400.000000000000000 0.000000000000000 
480.000000000000000 256.000000000000000 0.000000000000000 
480.000000000000000 1041.000000000000000 0.000000000000000 
480.000000000000000 1042.000000000000000 0.000000000000000 
480.000000000000000 259.000000000000000 0.000000000000000 
447.000000000000000 657.000000000000000 1.000000000000000 
447.000000000000000 865.000000000000000 1.000000000000000 
411.000000000000000 1025.000000000000000 0.000000000000000 
377.000000000000000 945.000000000000000 0.000000000000000 
375.000000000000000 304.000000000000000 0.000000000000000 
355.000000000000000 400.000000000000000 0.000000000000000 
345.000000000000000 352.000000000000000 0.000000000000000 
321.000000000000000 400.000000000000000 0.000000000000000 
345.000000000000000 657.000000000000000 1.000000000000000 
377.000000000000000 977.000000000000000 0.000000000000000 
377.000000000000000 674.000000000000000 1.000000000000000 
311.000000000000000 657.000000000000000 1.000000000000000 
311.000000000000000 865.000000000000000 1.000000000000000 
275.000000000000000 1025.000000000000000 0.000000000000000 
241.000000000000000 945.000000000000000 0.000000000000000 
241.000000000000000 673.000000000000000 1.000000000000000 
208.000000000000000 657.000000000000000 1.000000000000000 
208.000000000000000 593.000000000000000 0.000000000000000 
344.000000000000000 658.000000000000000 1.000000000000000 
344.000000000000000 594.000000000000000 0.000000000000000 
446.000000000000000 658.000000000000000 1.000000000000000 
446.000000000000000 866.000000000000000 1.000000000000000 
410.000000000000000 1026.000000000000000 0.000000000000000 
376.000000000000000 946.000000000000000 0.000000000000000 
376.000000000000000 977.000000000000000 0.000000000000000 
344.000000000000000 865.000000000000000 1.000000000000000 
310.000000000000000 865.000000000000000 1.000000000000000 
274.000000000000000 1025.000000000000000 0.000000000000000 
240.000000000000000 945.000000000000000 0.000000000000000 
238.000000000000000 304.000000000000000 0.000000000000000 
218.000000000000000 272.000000000000000 0.000000000000000 
217.000000000000000 112.000000000000000 0.000000000000000 
226.000000000000000 208.000000000000000 0.000000000000000 
222.000000000000000 208.000000000000000 0.000000000000000 
223.000000000000000 177.000000000000000 0.000000000000000 
223.000000000000000 385.000000000000000 0.000000000000000 
237.000000000000000 145.000000000000000 0.000000000000000 
237.000000000000000 1.000000000000000 0.000000000000000 
284.000000000000000 144.000000000000000 0.000000000000000 
325.000000000000000 225.000000000000000 0.000000000000000 
324.000000000000000 225.000000000000000 0.000000000000000 
331.000000000000000 721.000000000000000 1.000000000000000 
359.000000000000000 225.000000000000000 0.000000000000000 
358.000000000000000 209.000000000000000 0.000000000000000 
365.000000000000000 721.000000000000000 1.000000000000000 
359.000000000000000 178.000000000000000 0.000000000000000 
359.000000000000000 386.000000000000000 0.000000000000000 
373.000000000000000 146.000000000000000 0.000000000000000 
373.000000000000000 2.000000000000000 0.000000000000000 
455.000000000000000 129.000000000000000 0.000000000000000 
454.000000000000000 129.000000000000000 0.000000000000000 
453.000000000000000 225.000000000000000 0.000000000000000 
467.000000000000000 737.000000000000000 1.000000000000000 
454.000000000000000 1.000000000000000 0.000000000000000 
455.000000000000000 34.000000000000000 0.000000000000000 
454.000000000000000 34.000000000000000 0.000000000000000 
452.000000000000000 34.000000000000000 0.000000000000000 
451.000000000000000 34.000000000000000 0.000000000000000 
453.000000000000000 402.000000000000000 0.000000000000000 
453.000000000000000 418.000000000000000 0.000000000000000 
453.000000000000000 18.000000000000000 0.000000000000000 
450.000000000000000 18.000000000000000 0.000000000000000 
455.000000000000000 387.000000000000000 0.000000000000000 
454.000000000000000 387.000000000000000 0.000000000000000 
453.000000000000000 131.000000000000000 0.000000000000000 
467.000000000000000 739.000000000000000 1.000000000000000 
454.000000000000000 3.000000000000000 0.000000000000000 
