39.000000000000000 1096.000000000000000 0.000000000000000 
39.000000000000000 839.000000000000000 1.000000000000000 
39.000000000000000 838.000000000000000 1.000000000000000 
39.000000000000000 837.000000000000000 1.000000000000000 
39.000000000000000 836.000000000000000 1.000000000000000 
39.000000000000000 835.000000000000000 1.000000000000000 
39.000000000000000 834.000000000000000 1.000000000000000 
39.000000000000000 849.000000000000000 1.000000000000000 
105.000000000000000 961.000000000000000 0.000000000000000 
105.000000000000000 657.000000000000000 1.000000000000000 
46.000000000000000 657.000000000000000 1.000000000000000 
46.000000000000000 785.000000000000000 1.000000000000000 
46.000000000000000 336.000000000000000 0.000000000000000 
56.000000000000000 368.000000000000000 0.000000000000000 
38.000000000000000 1112.000000000000000 0.000000000000000 
38.000000000000000 839.000000000000000 1.000000000000000 
38.000000000000000 838.000000000000000 1.000000000000000 
38.000000000000000 837.000000000000000 1.000000000000000 
38.000000000000000 836.000000000000000 1.000000000000000 
38.000000000000000 835.000000000000000 1.000000000000000 
38.000000000000000 834.000000000000000 1.000000000000000 
38.000000000000000 833.000000000000000 1.000000000000000 
38.000000000000000 336.000000000000000 0.000000000000000 
48.000000000000000 400.000000000000000 0.000000000000000 
112.000000000000000 705.000000000000000 1.000000000000000 
112.000000000000000 993.000000000000000 0.000000000000000 
112.000000000000000 994.000000000000000 0.000000000000000 
112.000000000000000 995.000000000000000 0.000000000000000 
112.000000000000000 964.000000000000000 0.000000000000000 
46.000000000000000 852.000000000000000 1.000000000000000 
46.000000000000000 1093.000000000000000 0.000000000000000 
63.000000000000000 193.000000000000000 0.000000000000000 
63.000000000000000 241.000000000000000 0.000000000000000 
67.000000000000000 129.000000000000000 0.000000000000000 
59.000000000000000 225.000000000000000 0.000000000000000 
60.000000000000000 609.000000000000000 0.000000000000000 
62.000000000000000 273.000000000000000 0.000000000000000 
66.000000000000000 305.000000000000000 0.000000000000000 
66.000000000000000 257.000000000000000 0.000000000000000 
64.000000000000000 257.000000000000000 0.000000000000000 
65.000000000000000 241.000000000000000 0.000000000000000 
65.000000000000000 945.000000000000000 0.000000000000000 
65.000000000000000 929.000000000000000 0.000000000000000 
65.000000000000000 977.000000000000000 0.000000000000000 
65.000000000000000 961.000000000000000 0.000000000000000 
62.000000000000000 945.000000000000000 0.000000000000000 
62.000000000000000 929.000000000000000 0.000000000000000 
62.000000000000000 913.000000000000000 0.000000000000000 
