38.000000000000000 662.000000000000000 1.000000000000000 
38.000000000000000 598.000000000000000 0.000000000000000 
104.000000000000000 966.000000000000000 0.000000000000000 
104.000000000000000 997.000000000000000 0.000000000000000 
104.000000000000000 980.000000000000000 0.000000000000000 
38.000000000000000 692.000000000000000 1.000000000000000 
53.000000000000000 1096.000000000000000 0.000000000000000 
53.000000000000000 839.000000000000000 1.000000000000000 
53.000000000000000 838.000000000000000 1.000000000000000 
53.000000000000000 853.000000000000000 1.000000000000000 
53.000000000000000 693.000000000000000 1.000000000000000 
38.000000000000000 661.000000000000000 1.000000000000000 
38.000000000000000 597.000000000000000 0.000000000000000 
38.000000000000000 789.000000000000000 1.000000000000000 
38.000000000000000 1093.000000000000000 0.000000000000000 
61.000000000000000 213.000000000000000 0.000000000000000 
60.000000000000000 181.000000000000000 0.000000000000000 
60.000000000000000 293.000000000000000 0.000000000000000 
61.000000000000000 214.000000000000000 0.000000000000000 
60.000000000000000 182.000000000000000 0.000000000000000 
60.000000000000000 294.000000000000000 0.000000000000000 
