43.000000000000000 1096.000000000000000 0.000000000000000 
43.000000000000000 839.000000000000000 1.000000000000000 
43.000000000000000 838.000000000000000 1.000000000000000 
43.000000000000000 837.000000000000000 1.000000000000000 
43.000000000000000 852.000000000000000 1.000000000000000 
109.000000000000000 964.000000000000000 0.000000000000000 
109.000000000000000 660.000000000000000 1.000000000000000 
46.000000000000000 1112.000000000000000 0.000000000000000 
46.000000000000000 839.000000000000000 1.000000000000000 
46.000000000000000 838.000000000000000 1.000000000000000 
46.000000000000000 837.000000000000000 1.000000000000000 
46.000000000000000 836.000000000000000 1.000000000000000 
46.000000000000000 851.000000000000000 1.000000000000000 
46.000000000000000 707.000000000000000 1.000000000000000 
38.000000000000000 660.000000000000000 1.000000000000000 
104.000000000000000 964.000000000000000 0.000000000000000 
104.000000000000000 995.000000000000000 0.000000000000000 
104.000000000000000 994.000000000000000 0.000000000000000 
104.000000000000000 658.000000000000000 1.000000000000000 
104.000000000000000 1009.000000000000000 0.000000000000000 
174.000000000000000 865.000000000000000 1.000000000000000 
240.000000000000000 961.000000000000000 0.000000000000000 
240.000000000000000 657.000000000000000 1.000000000000000 
192.000000000000000 657.000000000000000 1.000000000000000 
192.000000000000000 865.000000000000000 1.000000000000000 
122.000000000000000 945.000000000000000 0.000000000000000 
110.000000000000000 400.000000000000000 0.000000000000000 
66.000000000000000 384.000000000000000 0.000000000000000 
38.000000000000000 657.000000000000000 1.000000000000000 
38.000000000000000 849.000000000000000 1.000000000000000 
38.000000000000000 834.000000000000000 1.000000000000000 
38.000000000000000 835.000000000000000 1.000000000000000 
38.000000000000000 836.000000000000000 1.000000000000000 
38.000000000000000 1109.000000000000000 0.000000000000000 
38.000000000000000 658.000000000000000 1.000000000000000 
38.000000000000000 690.000000000000000 1.000000000000000 
39.000000000000000 659.000000000000000 1.000000000000000 
39.000000000000000 851.000000000000000 1.000000000000000 
39.000000000000000 836.000000000000000 1.000000000000000 
39.000000000000000 1093.000000000000000 0.000000000000000 
63.000000000000000 209.000000000000000 0.000000000000000 
59.000000000000000 609.000000000000000 0.000000000000000 
62.000000000000000 273.000000000000000 0.000000000000000 
63.000000000000000 130.000000000000000 0.000000000000000 
59.000000000000000 706.000000000000000 1.000000000000000 
62.000000000000000 370.000000000000000 0.000000000000000 
62.000000000000000 498.000000000000000 0.000000000000000 
55.000000000000000 274.000000000000000 0.000000000000000 
54.000000000000000 18.000000000000000 0.000000000000000 
63.000000000000000 211.000000000000000 0.000000000000000 
59.000000000000000 611.000000000000000 0.000000000000000 
62.000000000000000 275.000000000000000 0.000000000000000 
67.000000000000000 132.000000000000000 0.000000000000000 
59.000000000000000 228.000000000000000 0.000000000000000 
59.000000000000000 580.000000000000000 0.000000000000000 
66.000000000000000 308.000000000000000 0.000000000000000 
66.000000000000000 260.000000000000000 0.000000000000000 
64.000000000000000 260.000000000000000 0.000000000000000 
65.000000000000000 244.000000000000000 0.000000000000000 
65.000000000000000 948.000000000000000 0.000000000000000 
65.000000000000000 932.000000000000000 0.000000000000000 
65.000000000000000 980.000000000000000 0.000000000000000 
65.000000000000000 964.000000000000000 0.000000000000000 
62.000000000000000 948.000000000000000 0.000000000000000 
62.000000000000000 932.000000000000000 0.000000000000000 
62.000000000000000 916.000000000000000 0.000000000000000 
199.000000000000000 129.000000000000000 0.000000000000000 
195.000000000000000 737.000000000000000 1.000000000000000 
198.000000000000000 401.000000000000000 0.000000000000000 
187.000000000000000 273.000000000000000 0.000000000000000 
186.000000000000000 1.000000000000000 0.000000000000000 
