174.000000000000000 686.000000000000000 0.000000100000000 0.000000000000000 
240.000000000000000 974.000000000000000 0.000000100000000 0.000000000000000 
240.000000000000000 1005.000000000000000 0.000000100000000 0.000000000000000 
240.000000000000000 1004.000000000000000 0.000000100000000 0.000000000000000 
240.000000000000000 1003.000000000000000 0.000000100000000 0.000000000000000 
240.000000000000000 1002.000000000000000 0.000000100000000 0.000000000000000 
240.000000000000000 1001.000000000000000 0.000000100000000 0.000000000000000 
240.000000000000000 1000.000000000000000 0.000000100000000 0.000000000000000 
240.000000000000000 999.000000000000000 0.000000100000000 0.000000000000000 
240.000000000000000 998.000000000000000 0.000000100000000 0.000000000000000 
240.000000000000000 997.000000000000000 0.000000100000000 0.000000000000000 
240.000000000000000 996.000000000000000 0.000000100000000 0.000000000000000 
240.000000000000000 995.000000000000000 0.000000100000000 0.000000000000000 
240.000000000000000 994.000000000000000 0.000000100000000 0.000000000000000 
240.000000000000000 993.000000000000000 0.000000100000000 0.000000000000000 
238.000000000000000 304.000000000000000 0.000000100000000 0.000000000000000 
184.000000000000000 384.000000000000000 0.000000100000000 0.000000000000000 
174.000000000000000 657.000000000000000 0.000000100000000 0.000000000000000 
174.000000000000000 865.000000000000000 0.000000100000000 0.000000000000000 
104.000000000000000 1009.000000000000000 0.000000100000000 0.000000000000000 
104.000000000000000 994.000000000000000 0.000000100000000 0.000000000000000 
104.000000000000000 995.000000000000000 0.000000100000000 0.000000000000000 
104.000000000000000 996.000000000000000 0.000000100000000 0.000000000000000 
104.000000000000000 997.000000000000000 0.000000100000000 0.000000000000000 
104.000000000000000 998.000000000000000 0.000000100000000 0.000000000000000 
104.000000000000000 999.000000000000000 0.000000100000000 0.000000000000000 
104.000000000000000 1000.000000000000000 0.000000100000000 0.000000000000000 
104.000000000000000 1001.000000000000000 0.000000100000000 0.000000000000000 
104.000000000000000 1002.000000000000000 0.000000100000000 0.000000000000000 
104.000000000000000 1003.000000000000000 0.000000100000000 0.000000000000000 
104.000000000000000 1004.000000000000000 0.000000100000000 0.000000000000000 
104.000000000000000 1005.000000000000000 0.000000100000000 0.000000000000000 
104.000000000000000 974.000000000000000 0.000000100000000 0.000000000000000 
38.000000000000000 686.000000000000000 0.000000100000000 0.000000000000000 
47.000000000000000 143.000000000000000 0.000000100000000 0.000000000000000 
54.000000000000000 15.000000000000000 0.000000100000000 0.000000000000000 
45.000000000000000 15.000000000000000 0.000002000000000 2.000000000000000 
199.000000000000000 209.000000000000000 0.000000100000000 0.000000000000000 
195.000000000000000 609.000000000000000 0.000000100000000 0.000000000000000 
202.000000000000000 993.000000000000000 0.000002000000000 2.000000000000000 
198.000000000000000 273.000000000000000 0.000000100000000 0.000000000000000 
183.000000000000000 111.000000000000000 0.000000100000000 0.000000000000000 
192.000000000000000 15.000000000000000 0.000000100000000 0.000000000000000 
188.000000000000000 15.000000000000000 0.000000100000000 0.000000000000000 
