324.000000000000000 18.000000000000000 0.000000008500000 
311.000000000000000 18.000000000000000 0.000000002500000 
325.000000000000000 18.000000000000000 0.000000003000000 
325.000000000000000 34.000000000000000 0.000000002000000 
325.000000000000000 50.000000000000000 0.000000002000000 
325.000000000000000 66.000000000000000 0.000000002000000 
325.000000000000000 82.000000000000000 0.000000002000000 
325.000000000000000 98.000000000000000 0.000000002000000 
325.000000000000000 114.000000000000000 0.000000002000000 
325.000000000000000 130.000000000000000 0.000000002000000 
325.000000000000000 146.000000000000000 0.000000002000000 
325.000000000000000 162.000000000000000 0.000000002000000 
325.000000000000000 178.000000000000000 0.000000002000000 
325.000000000000000 194.000000000000000 0.000000002000000 
325.000000000000000 210.000000000000000 0.000000002000000 
324.000000000000000 19.000000000000000 0.000000008500000 
311.000000000000000 19.000000000000000 0.000000002500000 
325.000000000000000 19.000000000000000 0.000000003000000 
325.000000000000000 35.000000000000000 0.000000002000000 
325.000000000000000 51.000000000000000 0.000000002000000 
325.000000000000000 67.000000000000000 0.000000002000000 
325.000000000000000 83.000000000000000 0.000000002000000 
325.000000000000000 99.000000000000000 0.000000002000000 
325.000000000000000 115.000000000000000 0.000000002000000 
325.000000000000000 131.000000000000000 0.000000002000000 
325.000000000000000 147.000000000000000 0.000000002000000 
325.000000000000000 163.000000000000000 0.000000002000000 
325.000000000000000 179.000000000000000 0.000000002000000 
325.000000000000000 195.000000000000000 0.000000002000000 
325.000000000000000 211.000000000000000 0.000000002000000 
324.000000000000000 20.000000000000000 0.000000008500000 
311.000000000000000 20.000000000000000 0.000000002500000 
325.000000000000000 20.000000000000000 0.000000003000000 
325.000000000000000 36.000000000000000 0.000000002000000 
325.000000000000000 52.000000000000000 0.000000002000000 
325.000000000000000 68.000000000000000 0.000000002000000 
325.000000000000000 84.000000000000000 0.000000002000000 
325.000000000000000 100.000000000000000 0.000000002000000 
325.000000000000000 116.000000000000000 0.000000002000000 
325.000000000000000 132.000000000000000 0.000000002000000 
325.000000000000000 148.000000000000000 0.000000002000000 
325.000000000000000 164.000000000000000 0.000000002000000 
325.000000000000000 180.000000000000000 0.000000002000000 
325.000000000000000 196.000000000000000 0.000000002000000 
325.000000000000000 212.000000000000000 0.000000002000000 
345.000000000000000 18.000000000000000 0.000000012000000 
