199.000000000000000 17.000000000000000 0.000000000020000 
199.000000000000000 18.000000000000000 0.000000000020000 
199.000000000000000 19.000000000000000 0.000000000020000 
199.000000000000000 20.000000000000000 0.000000000020000 
199.000000000000000 21.000000000000000 0.000000000020000 
199.000000000000000 22.000000000000000 0.000000000020000 
199.000000000000000 23.000000000000000 0.000000000020000 
199.000000000000000 24.000000000000000 0.000000000020000 
199.000000000000000 25.000000000000000 0.000000000020000 
199.000000000000000 26.000000000000000 0.000000000020000 
199.000000000000000 27.000000000000000 0.000000000020000 
199.000000000000000 28.000000000000000 0.000000000020000 
