202.000000000000000 929.000000000000000 0.000000050000000 
202.000000000000000 1009.000000000000000 0.000000100000000 
202.000000000000000 993.000000000000000 0.000000002000000 
202.000000000000000 930.000000000000000 0.000000050000000 
202.000000000000000 1010.000000000000000 0.000000100000000 
202.000000000000000 994.000000000000000 0.000000002000000 
202.000000000000000 931.000000000000000 0.000000050000000 
202.000000000000000 1011.000000000000000 0.000000100000000 
202.000000000000000 995.000000000000000 0.000000002000000 
202.000000000000000 932.000000000000000 0.000000050000000 
202.000000000000000 1012.000000000000000 0.000000100000000 
202.000000000000000 996.000000000000000 0.000000002000000 
202.000000000000000 933.000000000000000 0.000000050000000 
202.000000000000000 1013.000000000000000 0.000000100000000 
202.000000000000000 997.000000000000000 0.000000002000000 
202.000000000000000 934.000000000000000 0.000000050000000 
202.000000000000000 1014.000000000000000 0.000000100000000 
202.000000000000000 998.000000000000000 0.000000002000000 
202.000000000000000 935.000000000000000 0.000000050000000 
202.000000000000000 1015.000000000000000 0.000000100000000 
202.000000000000000 999.000000000000000 0.000000002000000 
202.000000000000000 936.000000000000000 0.000000050000000 
202.000000000000000 1016.000000000000000 0.000000100000000 
202.000000000000000 1000.000000000000000 0.000000002000000 
202.000000000000000 937.000000000000000 0.000000050000000 
202.000000000000000 1017.000000000000000 0.000000100000000 
202.000000000000000 1001.000000000000000 0.000000002000000 
202.000000000000000 938.000000000000000 0.000000050000000 
202.000000000000000 1018.000000000000000 0.000000100000000 
202.000000000000000 1002.000000000000000 0.000000002000000 
202.000000000000000 939.000000000000000 0.000000050000000 
202.000000000000000 1019.000000000000000 0.000000100000000 
202.000000000000000 1003.000000000000000 0.000000002000000 
202.000000000000000 940.000000000000000 0.000000050000000 
202.000000000000000 1020.000000000000000 0.000000100000000 
202.000000000000000 1004.000000000000000 0.000000002000000 
