202.000000000000000 961.000000000000000 0.000000000500000 
202.000000000000000 962.000000000000000 0.000000000500000 
202.000000000000000 963.000000000000000 0.000000000500000 
202.000000000000000 964.000000000000000 0.000000000500000 
202.000000000000000 965.000000000000000 0.000000000500000 
202.000000000000000 966.000000000000000 0.000000000500000 
202.000000000000000 967.000000000000000 0.000000000500000 
202.000000000000000 968.000000000000000 0.000000000500000 
202.000000000000000 969.000000000000000 0.000000000500000 
202.000000000000000 970.000000000000000 0.000000000500000 
202.000000000000000 971.000000000000000 0.000000000500000 
202.000000000000000 972.000000000000000 0.000000000500000 
